0.0033299922943115234 100
0.020951032638549805 100
0.03402996063232422 100
0.047907114028930664 100
0.06275296211242676 100
0.07587099075317383 100
0.08903312683105469 100
0.10231614112854004 100
0.1168520450592041 100
0.13075709342956543 100
0.1445159912109375 100
0.15823698043823242 100
0.17595410346984863 100
0.18940305709838867 100
0.20256996154785156 100
0.21787405014038086 100
0.23252391815185547 100
0.2458629608154297 100
0.2594890594482422 100
0.27276110649108887 100
0.2865469455718994 100
0.29999208450317383 100
0.31316304206848145 100
0.3263540267944336 100
0.3401310443878174 100
0.3532369136810303 100
0.3664100170135498 100
0.38025403022766113 100
0.3937840461730957 100
0.40677309036254883 100
0.4259040355682373 100
0.43906402587890625 100
0.45464205741882324 100
0.4676859378814697 100
0.4809401035308838 100
0.4997549057006836 100
0.5134580135345459 100
0.5271599292755127 100
0.5406219959259033 100
0.5541601181030273 100
0.5681600570678711 100
0.582327127456665 100
0.5958669185638428 100
0.6090290546417236 100
0.622704029083252 100
0.6360349655151367 100
0.649428129196167 100
0.6629519462585449 100
0.6778600215911865 100
0.6911180019378662 100
0.7044501304626465 100
0.7176969051361084 100
0.7322170734405518 100
0.7455120086669922 100
0.7586920261383057 100
0.7720060348510742 100
0.7857410907745361 100
0.7993531227111816 100
0.8125569820404053 100
0.8259499073028564 100
0.839561939239502 100
0.8527460098266602 100
0.8660669326782227 100
0.8791971206665039 100
0.8934171199798584 100
0.9064810276031494 100
0.92399001121521 100
0.9378111362457275 100
0.9511959552764893 100
0.9642500877380371 100
0.9774610996246338 100
0.9908759593963623 100
1.0044960975646973 100
1.0176301002502441 100
1.031101942062378 100
1.044222116470337 100
1.057528018951416 100
1.0711009502410889 100
1.0844719409942627 100
1.0979499816894531 100
1.112987995147705 100
1.1266639232635498 100
1.140070915222168 100
1.1535320281982422 100
1.1754770278930664 100
1.1886639595031738 100
1.2063930034637451 100
1.2195630073547363 100
1.233001947402954 100
1.2461631298065186 100
1.2594389915466309 100
1.2732229232788086 100
1.286756992340088 100
1.2999649047851562 100
1.3130199909210205 100
1.3262500762939453 100
1.3418309688568115 100
1.3552191257476807 100
1.3685340881347656 100
1.381761074066162 100
1.396186113357544 100
1.4097590446472168 100
1.4247190952301025 100
1.4378550052642822 100
1.4518980979919434 100
1.4717581272125244 100
1.484921932220459 100
1.4980769157409668 100
1.5111961364746094 100
1.5243489742279053 100
1.5376360416412354 100
1.550868034362793 100
1.564734935760498 100
1.5779039859771729 100
1.5914831161499023 100
1.604651927947998 100
1.618783950805664 100
1.6318910121917725 100
1.6450591087341309 100
1.658139944076538 100
1.6745340824127197 100
1.687812089920044 100
1.7021639347076416 100
1.7154560089111328 100
1.729341983795166 100
1.7430429458618164 100
1.7566659450531006 100
1.7700591087341309 100
1.783621072769165 100
1.7968649864196777 100
1.810549020767212 100
1.8238890171051025 100
1.8377211093902588 100
1.850909948348999 100
1.8642151355743408 100
1.877319097518921 100
1.8911330699920654 100
1.9047939777374268 100
1.9249799251556396 100
1.9382259845733643 100
1.9513740539550781 100
1.9662389755249023 100
1.9793550968170166 100
1.9924769401550293 100
2.0055761337280273 100
2.0190539360046387 100
2.032259941101074 100
2.0454139709472656 100
2.0593221187591553 100
2.072693109512329 100
2.0860021114349365 100
2.0998780727386475 100
2.114164113998413 100
2.127387046813965 100
2.140864133834839 100
2.1543469429016113 100
2.1749119758605957 100
2.1882829666137695 100
2.201738119125366 100
2.2199130058288574 100
2.233043909072876 100
2.2463181018829346 100
2.260524034500122 100
2.2738499641418457 100
2.2873849868774414 100
2.3008720874786377 100
2.3140029907226562 100
2.327125072479248 100
2.3410000801086426 100
2.354192018508911 100
2.368298053741455 100
2.3814871311187744 100
2.394974946975708 100
2.4085440635681152 100
2.425075054168701 100
2.4383130073547363 100
2.4519901275634766 100
2.466176986694336 100
2.4793500900268555 100
2.493420124053955 100
2.506803035736084 100
2.5199460983276367 100
2.533123016357422 100
2.5469000339508057 100
2.5612831115722656 100
2.574455976486206 100
2.5878031253814697 100
2.6011760234832764 100
2.614915132522583 100
2.6283950805664062 100
2.641672134399414 100
2.6552579402923584 100
2.672576904296875 100
2.6858041286468506 100
2.6991260051727295 100
2.7135169506073 100
2.7273330688476562 100
2.740567922592163 100
2.7537100315093994 100
2.767544984817505 100
2.7812039852142334 100
2.7946560382843018 100
2.807910919189453 100
2.8211660385131836 100
2.8349781036376953 100
2.8488690853118896 100
2.8621020317077637 100
2.875641107559204 100
2.889267921447754 100
2.9023680686950684 100
2.9252219200134277 100
2.938441038131714 100
2.9559080600738525 100
2.9688880443573 100
2.981796979904175 100
2.9949119091033936 100
3.0090999603271484 100
3.0224740505218506 100
3.035717010498047 100
3.0502431392669678 100
3.063791036605835 100
3.076993942260742 100
3.090147018432617 100
3.103203058242798 100
3.117521047592163 100
3.130728006362915 100
3.1436901092529297 100
3.1570301055908203 100
3.1792221069335938 100
3.1923770904541016 100
3.205749988555908 100
3.2230799198150635 100
3.236414909362793 100
3.2497811317443848 100
3.263036012649536 100
3.27634596824646 100
3.290152072906494 100
3.3031561374664307 100
3.3164761066436768 100
3.329909086227417 100
3.343230962753296 100
3.3562679290771484 100
3.3694090843200684 100
3.3832509517669678 100
3.3969011306762695 100
3.4126241207122803 100
3.426158905029297 100
3.4399030208587646 100
3.4537370204925537 100
3.467268943786621 100
3.4847049713134766 100
3.49800705909729 100
3.511970043182373 100
3.5252139568328857 100
3.538577079772949 100
3.55239200592041 100
3.5658910274505615 100
3.5792341232299805 100
3.5924549102783203 100
3.6056010723114014 100
3.619697093963623 100
3.632873058319092 100
3.646209955215454 100
3.659820079803467 100
3.677082061767578 100
3.692002058029175 100
3.705183982849121 100
3.718440055847168 100
3.734884023666382 100
3.747990131378174 100
3.7611329555511475 100
3.774428129196167 100
3.788823127746582 100
3.802436113357544 100
3.8163490295410156 100
3.8295631408691406 100
3.8432140350341797 100
3.856374979019165 100
3.8698461055755615 100
3.8830130100250244 100
3.896843910217285 100
3.9108259677886963 100
3.9255030155181885 100
3.9392740726470947 100
3.953732967376709 100
3.967020034790039 100
3.9814980030059814 100
3.995181083679199 100
4.0086350440979 100
4.0217859745025635 100
4.0357019901275635 100
4.049215078353882 100
4.062922954559326 100
4.076143980026245 100
4.0893120765686035 100
4.102477073669434 100
4.116806983947754 100
4.130039930343628 100
4.143242120742798 100
4.157248020172119 100
4.174612998962402 100
4.1878321170806885 100
4.200972080230713 100
4.214262008666992 100
4.227847099304199 100
4.241100072860718 100
4.254286050796509 100
4.26810097694397 100
4.2812340259552 100
4.294584035873413 100
4.307944059371948 100
4.321404933929443 100
4.334942102432251 100
4.348001003265381 100
4.361107110977173 100
4.374290943145752 100
4.387905120849609 100
4.401061058044434 100
4.422790050506592 100
4.436042070388794 100
4.449289083480835 100
4.462629079818726 100
4.4758100509643555 100
4.489020109176636 100
4.502458095550537 100
4.5154869556427 100
4.5286030769348145 100
4.541912078857422 100
4.556055068969727 100
4.569245100021362 100
4.5823540687561035 100
4.59641695022583 100
4.610314130783081 100
4.623893976211548 100
4.637053966522217 100
4.6504271030426025 100
4.671742916107178 100
4.684843063354492 100
4.697957992553711 100
4.7112860679626465 100
4.7266600131988525 100
4.739949941635132 100
4.753232955932617 100
4.766520977020264 100
4.780009031295776 100
4.793236017227173 100
4.806505918502808 100
4.820382118225098 100
4.834068059921265 100
4.847294092178345 100
4.8610451221466064 100
4.874093055725098 100
4.887916088104248 100
4.901189088821411 100
4.919162034988403 100
4.932433128356934 100
4.9461870193481445 100
4.959419012069702 100
4.974663972854614 100
4.987870931625366 100
5.00145411491394 100
5.015168905258179 100
5.02841591835022 100
5.041682004928589 100
5.055253028869629 100
5.069216966629028 100
5.0824830532073975 100
5.09597110748291 100
5.110063076019287 100
5.123146057128906 100
5.136645078659058 100
5.1499810218811035 100
5.168702125549316 100
5.181895017623901 100
5.194998025894165 100
5.208297967910767 100
5.221318960189819 100
5.234579086303711 100
5.247833013534546 100
5.261698961257935 100
5.274888038635254 100
5.288109064102173 100
5.301608085632324 100
5.314810037612915 100
5.32911491394043 100
5.3426361083984375 100
5.355837106704712 100
5.3694610595703125 100
5.383435964584351 100
5.396589040756226 100
5.412136077880859 100
5.426548004150391 100
5.44055700302124 100
5.45393705368042 100
5.467364072799683 100
5.480668067932129 100
5.494615077972412 100
5.507774114608765 100
5.521059036254883 100
5.5340659618377686 100
5.54795503616333 100
5.561140060424805 100
5.574280023574829 100
5.588133096694946 100
5.601892948150635 100
5.61529803276062 100
5.628401041030884 100
5.641582012176514 100
5.655395984649658 100
5.677783012390137 100
5.690911054611206 100
5.707842111587524 100
5.721082925796509 100
5.7341649532318115 100
5.747527122497559 100
5.761282920837402 100
5.774410009384155 100
5.787941932678223 100
5.8011980056762695 100
5.814826965332031 100
5.828521013259888 100
5.841710090637207 100
5.855102062225342 100
5.870085000991821 100
5.8834099769592285 100
5.896790027618408 100
5.911534070968628 100
5.928519010543823 100
5.9418439865112305 100
5.954908132553101 100
5.968058109283447 100
5.9822471141815186 100
5.995412111282349 100
6.008791923522949 100
6.02209997177124 100
6.035778999328613 100
6.048793077468872 100
6.062474012374878 100
6.075859069824219 100
6.089004993438721 100
6.1027021408081055 100
6.116866111755371 100
6.130620002746582 100
6.144367933273315 100
6.157572984695435 100
6.176513910293579 100
6.190114974975586 100
6.203495025634766 100
6.218029022216797 100
6.232006072998047 100
6.245541095733643 100
6.2592949867248535 100
6.273072004318237 100
6.286479949951172 100
6.299690008163452 100
6.312674045562744 100
6.326128959655762 100
6.339407920837402 100
6.3524329662323 100
6.366377115249634 100
6.379547119140625 100
6.392691135406494 100
6.406003952026367 100
6.427393913269043 100
6.44054913520813 100
6.453654050827026 100
6.471877098083496 100
6.485005140304565 100
6.49805212020874 100
6.512557029724121 100
6.525831937789917 100
6.539278030395508 100
6.552844047546387 100
6.566167116165161 100
6.580419063568115 100
6.594089031219482 100
6.607810974121094 100
6.621289968490601 100
6.6348960399627686 100
6.648837089538574 100
6.671087026596069 100
6.68530011177063 100
6.698574066162109 100
6.7117509841918945 100
6.724699974060059 100
6.737823009490967 100
6.751543045043945 100
6.7645769119262695 100
6.778213024139404 100
6.791254997253418 100
6.805462121963501 100
6.81866192817688 100
6.831912040710449 100
6.845044136047363 100
6.858798980712891 100
6.872533082962036 100
6.886080026626587 100
6.899275064468384 100
6.923743009567261 100
6.936832904815674 100
6.950083017349243 100
6.967355966567993 100
6.982351064682007 100
6.996304988861084 100
7.009437084197998 100
7.022891044616699 100
7.037106037139893 100
7.050189971923828 100
7.063251972198486 100
7.076405048370361 100
7.089725971221924 100
7.1031060218811035 100
7.116384983062744 100
7.129446029663086 100
7.1432130336761475 100
7.156363010406494 100
7.172878980636597 100
7.1860480308532715 100
7.199376106262207 100
7.21273398399353 100
7.226212978363037 100
7.239468097686768 100
7.253062963485718 100
7.266361951828003 100
7.280333995819092 100
7.293671131134033 100
7.307862997055054 100
7.320980072021484 100
7.334280014038086 100
7.347960948944092 100
7.361259937286377 100
7.401166915893555 100
7.431666135787964 100
7.445286989212036 100
7.464685916900635 100
7.477874994277954 100
7.490946054458618 100
7.504641056060791 100
7.518034934997559 100
7.531101942062378 100
7.544593095779419 100
7.557830095291138 100
7.570894956588745 100
7.584842920303345 100
7.59858512878418 100
7.611798048019409 100
7.625111103057861 100
7.638155937194824 100
7.651642084121704 100
7.673691034317017 100
7.6871209144592285 100
7.700597047805786 100
7.714961051940918 100
7.72819709777832 100
7.741281032562256 100
7.754367113113403 100
7.768934011459351 100
7.782634019851685 100
7.796174049377441 100
7.809612035751343 100
7.823277950286865 100
7.836527109146118 100
7.849771976470947 100
7.863126993179321 100
7.877424955368042 100
7.890644073486328 100
7.903971910476685 100
7.924107074737549 100
7.937258958816528 100
7.950479030609131 100
7.969006061553955 100
7.982774019241333 100
7.996017932891846 100
8.009099960327148 100
8.022289037704468 100
8.03538703918457 100
8.048516035079956 100
8.061866998672485 100
8.075048923492432 100
8.088184118270874 100
8.102159023284912 100
8.11528205871582 100
8.128395080566406 100
8.141781091690063 100
8.15519404411316 100
8.177030086517334 100
8.190300941467285 100
8.204288959503174 100
8.222711086273193 100
8.23615312576294 100
8.249315977096558 100
8.262614011764526 100
8.276108026504517 100
8.289811134338379 100
8.302927017211914 100
8.31613802909851 100
8.329704999923706 100
8.342811107635498 100
8.3563871383667 100
8.369920015335083 100
8.383013010025024 100
8.396580934524536 100
8.42052698135376 100
8.433951139450073 100
8.447994947433472 100
8.461233139038086 100
8.477669954299927 100
8.491209030151367 100
8.504387140274048 100
8.51783800125122 100
8.531049013137817 100
8.544937133789062 100
8.558121919631958 100
8.571229934692383 100
8.58431601524353 100
8.598160028457642 100
8.611196041107178 100
8.624364137649536 100
8.63785195350647 100
8.65120005607605 100
8.673870086669922 100
8.687422037124634 100
8.70067811012268 100
8.720391988754272 100
8.733686923980713 100
8.747029066085815 100
8.76048493385315 100
8.773760080337524 100
8.78762698173523 100
8.800841093063354 100
8.814444065093994 100
8.827754974365234 100
8.841161012649536 100
8.854284048080444 100
8.868295907974243 100
8.881434917449951 100
8.894585132598877 100
8.908826112747192 100
8.926631927490234 100
8.940112113952637 100
8.953341007232666 100
8.966592073440552 100
8.980979919433594 100
8.994210958480835 100
9.007615089416504 100
9.020915985107422 100
9.034368991851807 100
9.04790997505188 100
9.061252117156982 100
9.074512958526611 100
9.089854001998901 100
9.102939128875732 100
9.116761922836304 100
9.130007982254028 100
9.143430948257446 100
9.157349109649658 100
9.177974939346313 100
9.192425966262817 100
9.205734968185425 100
9.222616910934448 100
9.23586893081665 100
9.249104976654053 100
9.262784004211426 100
9.275964975357056 100
9.289012908935547 100
9.302096128463745 100
9.31572699546814 100
9.328849077224731 100
9.342299938201904 100
9.355768918991089 100
9.36904001235962 100
9.382249116897583 100
9.395359992980957 100
9.409327983856201 100
9.424243927001953 100
9.437330961227417 100
9.450731039047241 100
9.464078903198242 100
9.477965116500854 100
9.491127014160156 100
9.50429105758667 100
9.517529964447021 100
9.531240940093994 100
9.544475078582764 100
9.557966947555542 100
9.571650981903076 100
9.585217952728271 100
9.598544120788574 100
9.61164402961731 100
9.625257015228271 100
9.638958930969238 100
9.652108907699585 100
9.672231912612915 100
9.685663938522339 100
9.698843002319336 100
9.715121984481812 100
9.728151082992554 100
9.741311073303223 100
9.75550103187561 100
9.768710136413574 100
9.782290935516357 100
9.795830011367798 100
9.809443950653076 100
9.82251501083374 100
9.835729122161865 100
9.849071979522705 100
9.862935066223145 100
9.87608003616333 100
9.889455080032349 100
9.902612924575806 100
9.924304962158203 100
9.937525033950806 100
9.950870037078857 100
9.965866088867188 100
9.979465007781982 100
9.992722034454346 100
10.00587797164917 100
10.019827127456665 100
10.033549070358276 100
10.046772956848145 100
10.060847997665405 100
10.074100017547607 100
10.087502002716064 100
10.100672960281372 100
10.114202976226807 100
10.127295970916748 100
10.141706943511963 100
10.154843091964722 100
10.174490928649902 100
10.187700986862183 100
10.20264196395874 100
10.21637511253357 100
10.230071067810059 100
10.243186950683594 100
10.257177114486694 100
10.270571947097778 100
10.283782005310059 100
10.297346115112305 100
10.310943126678467 100
10.325308084487915 100
10.338472127914429 100
10.351944923400879 100
10.365458011627197 100
10.378879070281982 100
10.392622947692871 100
10.40573000907898 100
10.42257809638977 100
10.43566107749939 100
10.44898509979248 100
10.463417053222656 100
10.477237939834595 100
10.490493059158325 100
10.503623962402344 100
10.516739130020142 100
10.530184984207153 100
10.543357133865356 100
10.556628942489624 100
10.569845914840698 100
10.583945035934448 100
10.597393989562988 100
10.610585927963257 100
10.623651027679443 100
10.63750410079956 100
10.650602102279663 100
10.672086954116821 100
10.685333013534546 100
10.698405027389526 100
10.711551904678345 100
10.724667072296143 100
10.737951040267944 100
10.751529932022095 100
10.764636039733887 100
10.77794098854065 100
10.791171073913574 100
10.804862976074219 100
10.817999124526978 100
10.831121921539307 100
10.844581127166748 100
10.858559131622314 100
10.871861934661865 100
10.88510012626648 100
10.898219108581543 100
10.918709993362427 100
10.931889057159424 100
10.945035934448242 100
10.958312034606934 100
10.971492052078247 100
10.984822034835815 100
10.998157024383545 100
11.011351108551025 100
11.024878025054932 100
11.038159132003784 100
11.051296949386597 100
11.064296007156372 100
11.077537059783936 100
11.09129810333252 100
11.104659080505371 100
11.118267059326172 100
11.131930112838745 100
11.145087003707886 100
11.15959906578064 100
11.174968004226685 100
11.189090967178345 100
11.203006982803345 100
11.216408014297485 100
11.22982907295227 100
11.247568130493164 100
11.260751008987427 100
11.27426791191101 100
11.287665128707886 100
11.301197052001953 100
11.314526081085205 100
11.327980041503906 100
11.341166019439697 100
11.355646133422852 100
11.368886947631836 100
11.382149934768677 100
11.39520001411438 100
11.411133050918579 100
11.427855014801025 100
11.441319942474365 100
11.454657077789307 100
11.472208976745605 100
11.485512018203735 100
11.498757123947144 100
11.5119149684906 100
11.526304006576538 100
11.539461135864258 100
11.552453994750977 100
11.565573930740356 100
11.579123973846436 100
11.592741966247559 100
11.606490135192871 100
11.6197509765625 100
11.633472919464111 100
11.647849082946777 100
11.66201901435852 100
11.675149917602539 100
11.689707040786743 100
11.710227966308594 100
11.723613977432251 100
11.73679494857788 100
11.749923944473267 100
11.763231039047241 100
11.776402950286865 100
11.789623022079468 100
11.804462909698486 100
11.817681074142456 100
11.830816984176636 100
11.844072103500366 100
11.857522010803223 100
11.870959997177124 100
11.883938074111938 100
11.89690613746643 100
11.919919967651367 100
11.933001041412354 100
11.948261022567749 100
11.961421966552734 100
11.98019003868103 100
11.993562936782837 100
12.007012128829956 100
